=== Dispositivos USB / almacenamiento externo 06/19/2026 14:15:29 ===

=== USBSTOR (Discos USB) ===

Dispositivo: Kingston DataTraveler 3.0 USB Device
Serial: E0D55EA573E71881B9320231&0
----------------------
Dispositivo: Kingston DataTraveler 3.0 USB Device
Serial: E0D55EA573F119C189CC058D&0
----------------------
Dispositivo:  USB  SanDisk 3.2Gen1 USB Device
Serial: 010180e26c6675beb2d585b35a9c29bcd9dc96024351a7fd9daf85d52929daa
----------------------

=== USB genéricos ===

ID: 5&150e5a2f&0&0
----------------------
ID: 5&19a88ca&1&0
----------------------
ID: 5&df3482e&0&0
----------------------
ID: 3FQ0021008612
----------------------
ID: 6&584e912&0&6
----------------------
ID: 7&49b2d9a&0&0000
----------------------
ID: 7&dd9867f&0&0000
----------------------
ID: 7&49b2d9a&0&0001
Nombre: LCD Signature Pad STU-540
----------------------
ID: 7&dd9867f&0&0001
----------------------
ID: 6&584e912&0&5
----------------------
ID: 6&584e912&0&1
----------------------
ID: A8CJy146B12
Nombre: Prolific PL2303GS USB Serial COM Port (COM3)
----------------------
ID: 010180e26c6675beb2d585b35a9c29bcd9dc96024351a7fd9daf85d52929daa88605000000000000000000009c57d57b009d0f00815581079d30ce4a
----------------------
ID: E0D55EA573E71881B9320231
----------------------
ID: E0D55EA573F119C189CC058D
----------------------
ID: 9876543210
----------------------
ID: 7&40fe908&1&0000
Nombre: AURA LED Controller
----------------------
ID: 7&40fe908&1&0002
----------------------
ID: 010180e26c6675beb2d585b35a9c29bcd9dc96024351a7fd9daf85d52929daa88605000000000000000000009c57d57b009d0f00815581079d30ce4a
----------------------
ID: 3FQ0021008612
----------------------
ID: a0d5cc18
----------------------
ID: A8CJy146B12
----------------------
ID: E0D55EA573F119C189CC058D
----------------------
ID: emroswxckjbiir6d
----------------------
ID: MSFT3020170100005B
----------------------
ID: a0d5cc18
----------------------
ID: emroswxckjbiir6d
----------------------
ID: 6&34d0a2f0&0&2
----------------------
ID: 7&1764191b&0&0000
----------------------
ID: 7&1764191b&0&0001
----------------------
ID: 7&1764191b&0&0002
----------------------
ID: a0d5cc18
----------------------
ID: a0d5cc18
----------------------
ID: 7&2479ba75&0&0000
----------------------
ID: 7&2479ba75&0&0001
Nombre: ADB Interface
----------------------
ID: 6&34d0a2f0&0&1
----------------------
ID: 7&2cc68af8&0&0000
----------------------
ID: 7&2cc68af8&0&0001
----------------------

=== Discos montados ===

Unidad: \DosDevices\D:
Identificador: 68 77 73 79 58 73 68 58 177 6 0 0 176 252 16 128 41 191 218 1 98 13 0 0
----------------------
Unidad: \DosDevices\E:
Identificador: 68 77 73 79 58 73 68 58 31 62 37 0 32 135 202 199 191 27 213 125 62 124 74 0
----------------------
Unidad: \DosDevices\F:
Identificador: 68 77 73 79 58 73 68 58 208 91 125 103 148 90 219 1 232 173 190 51 74 173 237 0
----------------------
Unidad: \DosDevices\I:
Identificador: 92 0 63 0 63 0 92 0 83 0 67 0 83 0 73 0 35 0 67 0 100 0 82 0 111 0 109 0 38 0 86 0 101 0 110 0 95 0 77 0 115 0 102 0 116 0 38 0 80 0 114 0 111 0 100 0 95 0 86 0 105 0 114 0 116 0 117 0 97 0 108 0 95 0 68 0 86 0 68 0 45 0 82 0 79 0 77 0 35 0 50 0 38 0 49 0 102 0 52 0 97 0 100 0 102 0 102 0 101 0 38 0 49 0 38 0 48 0 48 0 48 0 48 0 48 0 49 0 35 0 123 0 53 0 51 0 102 0 53 0 54 0 51 0 48 0 100 0 45 0 98 0 54 0 98 0 102 0 45 0 49 0 49 0 100 0 48 0 45 0 57 0 52 0 102 0 50 0 45 0 48 0 48 0 97 0 48 0 99 0 57 0 49 0 101 0 102 0 98 0 56 0 98 0 125 0
----------------------
Unidad: \DosDevices\C:
Identificador: 68 77 73 79 58 73 68 58 44 108 18 26 193 54 20 66 171 155 74 193 220 85 143 224
----------------------
Unidad: \DosDevices\G:
Identificador: 68 77 73 79 58 73 68 58 16 117 149 69 225 169 240 17 150 21 0 80 86 192 0 8
----------------------
Unidad: \DosDevices\H:
Identificador: 92 0 63 0 63 0 92 0 83 0 67 0 83 0 73 0 35 0 67 0 100 0 82 0 111 0 109 0 38 0 86 0 101 0 110 0 95 0 72 0 76 0 45 0 68 0 84 0 45 0 83 0 84 0 38 0 80 0 114 0 111 0 100 0 95 0 68 0 86 0 68 0 82 0 65 0 77 0 95 0 71 0 72 0 50 0 52 0 78 0 83 0 68 0 53 0 35 0 53 0 38 0 51 0 55 0 50 0 52 0 52 0 101 0 102 0 49 0 38 0 48 0 38 0 48 0 48 0 48 0 48 0 48 0 48 0 35 0 123 0 53 0 51 0 102 0 53 0 54 0 51 0 48 0 100 0 45 0 98 0 54 0 98 0 102 0 45 0 49 0 49 0 100 0 48 0 45 0 57 0 52 0 102 0 50 0 45 0 48 0 48 0 97 0 48 0 99 0 57 0 49 0 101 0 102 0 98 0 56 0 98 0 125 0
----------------------
Unidad: \DosDevices\J:
Identificador: 68 77 73 79 58 73 68 58 28 229 156 155 110 85 36 72 137 50 239 193 69 83 238 116
----------------------
Unidad: \DosDevices\Z:
Identificador: 122 226 157 70 0 0 1 0 0 0 0 0
----------------------

=== Fin ===
